"D:\Python ALL\Kursovaya\venv\Scripts\python.exe" "D:/Python ALL/Kursovaya/MultinomynalPart.py"
norm0
0.9999999999999999
norm1a = 0.9999999999999999
norm1b = 1.0
norm1c = 1.0
norm1d = 1.0
a = 0.05
b = 0.05
запусков: 100
итераций теста: 100
pt 4 Noisy Test

Тест 2 с помехами
Входные:
H0 = [0.16666666666666666, 0.16666666666666666, 0.16666666666666666, 0.16666666666666666, 0.16666666666666666, 0.16666666666666666]
H1 = [0.14285714285714285, 0.14285714285714285, 0.14285714285714285, 0.14285714285714285, 0.14285714285714285, 0.2857142857142857]
test 2 pt 1

При teta = [0.16666666666666666, 0.16666666666666666, 0.16666666666666666, 0.16666666666666666, 0.16666666666666666, 0.16666666666666666]
index = 0
min obs = 37.0
min wrong = 0.0
max obs = 169.0
max wrong = 10.0

avg obs = 64.99
avg wrong = 2.95

При teta = [0.164021164021164, 0.164021164021164, 0.164021164021164, 0.164021164021164, 0.164021164021164, 0.17989417989417988]
index = 1
min obs = 44.0
min wrong = 0.0
max obs = 1139.0
max wrong = 13.0

avg obs = 98.49
avg wrong = 3.97

При teta = [0.16137566137566137, 0.16137566137566137, 0.16137566137566137, 0.16137566137566137, 0.16137566137566137, 0.1931216931216931]
index = 2
min obs = 74.0
min wrong = 0.0
max obs = 248.0
max wrong = 20.0

avg obs = 131.11
avg wrong = 5.74

При teta = [0.15873015873015872, 0.15873015873015872, 0.15873015873015872, 0.15873015873015872, 0.15873015873015872, 0.20634920634920634]
index = 3
min obs = 131.0
min wrong = 0.0
max obs = 284.0
max wrong = 20.0

avg obs = 186.74
avg wrong = 7.13

При teta = [0.15608465608465608, 0.15608465608465608, 0.15608465608465608, 0.15608465608465608, 0.15608465608465608, 0.21957671957671956]
index = 4
min obs = 202.0
min wrong = 0.0
max obs = 671.0
max wrong = 24.0

avg obs = 294.39
avg wrong = 9.27

При teta = [0.15343915343915343, 0.15343915343915343, 0.15343915343915343, 0.15343915343915343, 0.15343915343915343, 0.2328042328042328]
index = 5
min obs = 319.0
min wrong = 1.0
max obs = 779.0
max wrong = 30.0

avg obs = 435.74
avg wrong = 11.76

При teta = [0.15079365079365079, 0.15079365079365079, 0.15079365079365079, 0.15079365079365079, 0.15079365079365079, 0.24603174603174602]
index = 6
min obs = 563.0
min wrong = 1.0
max obs = 933.0
max wrong = 46.0

avg obs = 700.47
avg wrong = 15.56

При teta = [0.14814814814814814, 0.14814814814814814, 0.14814814814814814, 0.14814814814814814, 0.14814814814814814, 0.25925925925925924]
index = 7
min obs = 956.0
min wrong = 2.0
max obs = 2069.0
max wrong = 38.0

avg obs = 1359.99
avg wrong = 17.13

При teta = [0.1455026455026455, 0.1455026455026455, 0.1455026455026455, 0.1455026455026455, 0.1455026455026455, 0.27248677248677244]
index = 8
min obs = 2092.0
min wrong = 0.0
max obs = 7154.0
max wrong = 54.0

avg obs = 4349.38
avg wrong = 22.96
[[141.0, 70.0, 92.0, 92.0, 169.0, 110.0, 106.0, 54.0, 48.0, 83.0, 98.0, 106.0, 90.0, 87.0, 100.0, 68.0, 88.0, 92.0, 101.0, 55.0, 91.0, 91.0, 102.0, 49.0, 85.0, 71.0, 71.0, 57.0, 97.0, 60.0, 67.0, 74.0, 78.0, 70.0, 72.0, 86.0, 53.0, 84.0, 52.0, 48.0, 61.0, 62.0, 46.0, 54.0, 54.0, 58.0, 56.0, 51.0, 58.0, 85.0, 51.0, 55.0, 54.0, 47.0, 42.0, 51.0, 57.0, 66.0, 56.0, 54.0, 46.0, 65.0, 51.0, 51.0, 48.0, 60.0, 55.0, 54.0, 58.0, 55.0, 44.0, 48.0, 55.0, 53.0, 70.0, 37.0, 51.0, 67.0, 43.0, 49.0, 62.0, 49.0, 40.0, 45.0, 41.0, 39.0, 60.0, 44.0, 62.0, 61.0, 42.0, 40.0, 46.0, 59.0, 64.0, 62.0, 50.0, 39.0, 53.0, 55.0], [1139.0, 506.0, 188.0, 248.0, 156.0, 292.0, 132.0, 128.0, 91.0, 145.0, 80.0, 153.0, 75.0, 85.0, 73.0, 84.0, 89.0, 130.0, 81.0, 108.0, 75.0, 91.0, 92.0, 114.0, 70.0, 75.0, 122.0, 93.0, 83.0, 79.0, 80.0, 98.0, 87.0, 68.0, 89.0, 93.0, 58.0, 57.0, 78.0, 61.0, 106.0, 91.0, 86.0, 72.0, 90.0, 72.0, 74.0, 70.0, 76.0, 88.0, 96.0, 98.0, 78.0, 93.0, 72.0, 79.0, 81.0, 78.0, 93.0, 70.0, 62.0, 48.0, 69.0, 55.0, 92.0, 53.0, 89.0, 84.0, 64.0, 49.0, 44.0, 71.0, 54.0, 73.0, 61.0, 65.0, 57.0, 75.0, 58.0, 76.0, 68.0, 74.0, 77.0, 57.0, 57.0, 57.0, 58.0, 64.0, 47.0, 72.0, 63.0, 70.0, 62.0, 65.0, 71.0, 72.0, 63.0, 46.0, 46.0, 52.0], [242.0, 183.0, 182.0, 199.0, 154.0, 200.0, 228.0, 175.0, 248.0, 183.0, 188.0, 214.0, 109.0, 126.0, 133.0, 165.0, 160.0, 127.0, 166.0, 132.0, 185.0, 148.0, 151.0, 122.0, 158.0, 149.0, 129.0, 131.0, 108.0, 165.0, 131.0, 125.0, 106.0, 137.0, 152.0, 144.0, 145.0, 138.0, 136.0, 118.0, 139.0, 119.0, 138.0, 105.0, 126.0, 114.0, 123.0, 126.0, 113.0, 150.0, 125.0, 106.0, 117.0, 119.0, 135.0, 100.0, 121.0, 105.0, 124.0, 138.0, 104.0, 131.0, 123.0, 101.0, 136.0, 122.0, 95.0, 96.0, 137.0, 123.0, 132.0, 100.0, 129.0, 122.0, 114.0, 116.0, 105.0, 110.0, 96.0, 109.0, 97.0, 119.0, 120.0, 107.0, 126.0, 92.0, 92.0, 113.0, 97.0, 98.0, 106.0, 80.0, 101.0, 128.0, 108.0, 97.0, 116.0, 103.0, 74.0, 101.0], [235.0, 220.0, 216.0, 261.0, 235.0, 215.0, 265.0, 193.0, 226.0, 227.0, 256.0, 231.0, 227.0, 208.0, 248.0, 229.0, 191.0, 284.0, 206.0, 261.0, 209.0, 204.0, 192.0, 147.0, 238.0, 184.0, 203.0, 164.0, 217.0, 240.0, 187.0, 207.0, 169.0, 192.0, 154.0, 187.0, 204.0, 219.0, 202.0, 155.0, 227.0, 197.0, 179.0, 200.0, 152.0, 198.0, 182.0, 170.0, 175.0, 155.0, 177.0, 204.0, 164.0, 168.0, 171.0, 181.0, 155.0, 168.0, 179.0, 178.0, 187.0, 205.0, 185.0, 166.0, 184.0, 161.0, 162.0, 187.0, 177.0, 170.0, 166.0, 151.0, 142.0, 181.0, 190.0, 149.0, 184.0, 139.0, 140.0, 152.0, 165.0, 161.0, 166.0, 170.0, 171.0, 133.0, 159.0, 154.0, 177.0, 175.0, 149.0, 176.0, 131.0, 148.0, 162.0, 151.0, 167.0, 164.0, 142.0, 187.0], [671.0, 461.0, 437.0, 500.0, 499.0, 397.0, 404.0, 370.0, 386.0, 357.0, 381.0, 359.0, 285.0, 380.0, 268.0, 356.0, 301.0, 335.0, 309.0, 289.0, 290.0, 317.0, 299.0, 313.0, 351.0, 387.0, 279.0, 271.0, 308.0, 264.0, 320.0, 227.0, 310.0, 288.0, 317.0, 291.0, 238.0, 302.0, 295.0, 289.0, 270.0, 307.0, 274.0, 295.0, 251.0, 299.0, 270.0, 294.0, 260.0, 203.0, 254.0, 293.0, 300.0, 246.0, 279.0, 288.0, 282.0, 254.0, 263.0, 203.0, 225.0, 221.0, 277.0, 202.0, 273.0, 261.0, 273.0, 275.0, 295.0, 290.0, 293.0, 289.0, 253.0, 284.0, 275.0, 255.0, 263.0, 243.0, 268.0, 212.0, 276.0, 249.0, 264.0, 249.0, 233.0, 263.0, 270.0, 222.0, 226.0, 248.0, 293.0, 227.0, 246.0, 285.0, 268.0, 260.0, 250.0, 239.0, 281.0, 277.0], [701.0, 440.0, 728.0, 779.0, 532.0, 619.0, 568.0, 539.0, 687.0, 536.0, 426.0, 453.0, 523.0, 449.0, 407.0, 424.0, 423.0, 369.0, 524.0, 371.0, 443.0, 451.0, 405.0, 450.0, 416.0, 406.0, 448.0, 451.0, 429.0, 376.0, 406.0, 389.0, 442.0, 359.0, 404.0, 395.0, 448.0, 500.0, 372.0, 366.0, 432.0, 411.0, 452.0, 412.0, 419.0, 409.0, 436.0, 428.0, 421.0, 443.0, 440.0, 377.0, 416.0, 386.0, 366.0, 389.0, 408.0, 491.0, 419.0, 391.0, 355.0, 360.0, 436.0, 362.0, 355.0, 474.0, 415.0, 415.0, 419.0, 319.0, 404.0, 403.0, 426.0, 427.0, 442.0, 495.0, 416.0, 407.0, 382.0, 431.0, 399.0, 476.0, 387.0, 329.0, 435.0, 377.0, 403.0, 373.0, 383.0, 425.0, 400.0, 435.0, 423.0, 478.0, 375.0, 431.0, 412.0, 389.0, 454.0, 447.0], [933.0, 766.0, 873.0, 653.0, 823.0, 784.0, 893.0, 665.0, 629.0, 749.0, 646.0, 631.0, 630.0, 690.0, 764.0, 613.0, 689.0, 671.0, 583.0, 585.0, 649.0, 693.0, 666.0, 702.0, 755.0, 587.0, 770.0, 655.0, 643.0, 745.0, 715.0, 721.0, 646.0, 563.0, 756.0, 630.0, 652.0, 684.0, 667.0, 659.0, 696.0, 641.0, 742.0, 572.0, 619.0, 641.0, 679.0, 599.0, 641.0, 633.0, 675.0, 701.0, 640.0, 575.0, 597.0, 807.0, 672.0, 659.0, 724.0, 687.0, 660.0, 604.0, 714.0, 693.0, 773.0, 738.0, 637.0, 722.0, 709.0, 725.0, 745.0, 734.0, 762.0, 650.0, 777.0, 744.0, 704.0, 730.0, 718.0, 706.0, 788.0, 701.0, 662.0, 705.0, 796.0, 766.0, 790.0, 673.0, 650.0, 740.0, 774.0, 804.0, 713.0, 760.0, 674.0, 781.0, 711.0, 701.0, 848.0, 737.0], [1616.0, 1307.0, 1367.0, 1674.0, 1148.0, 1271.0, 956.0, 1013.0, 1119.0, 996.0, 1022.0, 1115.0, 1158.0, 1275.0, 1032.0, 990.0, 1024.0, 1314.0, 1079.0, 987.0, 1072.0, 1065.0, 1095.0, 1142.0, 1322.0, 1384.0, 1078.0, 1198.0, 1186.0, 1113.0, 1275.0, 1143.0, 1110.0, 1205.0, 1355.0, 1171.0, 1188.0, 1272.0, 1135.0, 1126.0, 1175.0, 1536.0, 1111.0, 1170.0, 1272.0, 1126.0, 1413.0, 1349.0, 1173.0, 1325.0, 1250.0, 1205.0, 1260.0, 1293.0, 1316.0, 1620.0, 1418.0, 1499.0, 1248.0, 1537.0, 1478.0, 1465.0, 1293.0, 1352.0, 1529.0, 1665.0, 1485.0, 1400.0, 1530.0, 1458.0, 1627.0, 1826.0, 1557.0, 1460.0, 1632.0, 1551.0, 1837.0, 1482.0, 1636.0, 1530.0, 1404.0, 1523.0, 1607.0, 1764.0, 1328.0, 1522.0, 1569.0, 1631.0, 1488.0, 1834.0, 1736.0, 1476.0, 1668.0, 1427.0, 1389.0, 1563.0, 1680.0, 1584.0, 1550.0, 2069.0], [5592.0, 2935.0, 2688.0, 2657.0, 2179.0, 2092.0, 2143.0, 2267.0, 2132.0, 2127.0, 2585.0, 2593.0, 2554.0, 2106.0, 2558.0, 2905.0, 2605.0, 2968.0, 2943.0, 2962.0, 3043.0, 3170.0, 2337.0, 2965.0, 2881.0, 2779.0, 3031.0, 3696.0, 3021.0, 3255.0, 3569.0, 3012.0, 2700.0, 3368.0, 3484.0, 3406.0, 3496.0, 3578.0, 3705.0, 4240.0, 3943.0, 3657.0, 3919.0, 4314.0, 3922.0, 3928.0, 3450.0, 4108.0, 4528.0, 4100.0, 4845.0, 4556.0, 4791.0, 4214.0, 4387.0, 4253.0, 4601.0, 4348.0, 4845.0, 4926.0, 4771.0, 4946.0, 4636.0, 5574.0, 4758.0, 5175.0, 5337.0, 4876.0, 5205.0, 5289.0, 5708.0, 5676.0, 5939.0, 5075.0, 4858.0, 5676.0, 5288.0, 6764.0, 6197.0, 5823.0, 6440.0, 6144.0, 5000.0, 5901.0, 5649.0, 5683.0, 5835.0, 6878.0, 6076.0, 6431.0, 6384.0, 6879.0, 6230.0, 6326.0, 6702.0, 6018.0, 5739.0, 6097.0, 7154.0, 5839.0]]
C:\Program Files\JetBrains\PyCharm 2020.1\plugins\python\helpers\pycharm_matplotlib_backend\backend_interagg.py:64: UserWarning: This figure includes Axes that are not compatible with tight_layout, so results might be incorrect.
  self.figure.tight_layout()

Process finished with exit code 0
